1968 514 3343385397594 John_Doe
2006 372 3193940066227 John_Doe
1955 885 13217976041 John_Doe
1941 338 00342678621646 John_Doe
2012 359 2161696911889 John_Doe
1902 900 003228193068394 John_Doe
1958 007 001341952388677 John_Doe
1949 556 0002078076729374 John_Doe
1969 009 003394360917366 John_Doe
1967 663 3691951775885 John_Doe
2015 857 2364399916479 John_Doe
1936 472 3618357492288 John_Doe
2007 598 02320105109498 John_Doe
2014 340 000700868269714 John_Doe
1979 699 874572645020 John_Doe
1999 346 0542421405740 John_Doe
1920 532 538829499547 John_Doe
1961 957 0001082276704031 John_Doe
1933 090 0001591421823129 John_Doe
1953 050 3922400115635 John_Doe
1974 656 1115238201382 John_Doe
1939 637 003132051036375 John_Doe
2014 288 142525350869 John_Doe
1997 690 0003386325555493 John_Doe
2006 818 0002471004467242 John_Doe
1899 538 01684437001749 John_Doe
1959 612 1044582899502 John_Doe
1921 966 01562331919275 John_Doe
1994 674 000487531652720 John_Doe
1937 137 905761948463 John_Doe
1898 649 901377095912 John_Doe
1951 960 03767948349318 John_Doe
1980 498 01884568747135 John_Doe
1958 119 983378529781 John_Doe
1983 800 0001839506171919 John_Doe
1924 948 001919436252611 John_Doe
1945 375 1409410315462 John_Doe
1941 359 001765879374099 John_Doe
2016 123 00615653564041 John_Doe
1928 076 1282989353134 John_Doe
1906 430 3874824679569 John_Doe
1947 334 2580591326403 John_Doe
1982 528 0115915857824 John_Doe
2000 157 1400897475589 John_Doe
1965 207 03988052484125 John_Doe
2002 579 0003826721302079 John_Doe
1919 782 02624180892876 John_Doe
1894 281 1758860453359 John_Doe
1903 935 003692750078636 John_Doe
2000 247 003589954643486 John_Doe
