1922 010 3820776365428 Audie_Littel
1924 010 003379291787285 Raegan_Hayes
1926 004 0853226948948 Gussie_Kunde
1996 006 0020699852617 Celia_Cormier
1933 007 3245862548368 Jalyn_Wilkinson
1977 002 43541614298 Otha_Koss
1974 009 02321103551284 Collin_Kautzer
2012 004 2059292381170 Antoinette_Hayes
1934 004 3880205829657 Ellsworth_Pagac
1966 008 2888128064694 Garth_Bernier
1975 005 0003382236865836 Marquis_Wiza
2012 008 791535052228 Gunner_DuBuque
1903 007 001204631130810 Dwight_Dooley
1980 009 0002123198590568 Dovie_Runte
1904 004 3426448564989 Florence_Runolfsson
1924 001 314736518088 Justina_Pfeffer
1899 006 2881762665415 Alfred_Schoen
1916 007 2507783290574 Hellen_Von
1962 007 02119964365845 Lavina_Adams
1945 010 03178059187746 Leann_Gaylord
2013 009 1750585312331 Javon_Kuphal
1931 008 1195420379239 Genoveva_Rowe
1922 007 811649480497 Greta_Casper
1940 004 2156971459712 Yoshiko_Hahn
1945 002 03875411599159 Destinee_Gulgowski
1892 010 0517912556471 Camylle_Maggio
1956 001 001604744365016 Michael_Mohr
2000 005 01511234495522 Carmen_Nolan
1978 005 3294044617664 Britney_Daugherty
1976 007 0003732374038044 Connor_O'Connell
1998 006 0002506125172547 Ashleigh_Emard
2004 006 1124668442426 Earl_Witting
1935 004 1159284051368 Ariane_Kub
1925 006 000798461612783 Wade_Ferry
1974 006 2321659024671 Lorenz_Rippin
1956 005 448488424098 Garrett_Kub
1956 003 002442808556286 Milo_Murazik
1954 005 2517902462429 Pinkie_Powlowski
1971 010 2802461034710 Travon_Hudson
1896 010 2704636780141 Jake_Littel
1960 006 0003385886973333 Britney_Boehm
1987 003 001259149097486 Enrico_Okuneva
1965 002 0657113505267 Cordie_Rowe
1954 009 0829681112854 Kirsten_Ritchie
1920 002 3500151127832 Woodrow_Larson
1908 008 311225743494 Cristian_Welch
1926 006 3929233117162 Dannie_Ritchie
1906 007 304271924772 Garth_Daniel
1947 009 1248046009712 Janis_Dooley
1998 004 002921400089321 Orie_Schaden
