962
1943 001 00828924627746 Philip_Vandervort
2005 001 3803439573438 Ursula_Stamm
1915 001 1925261397862 Annalise_Yundt
1939 001 447829027004 Levi_O'Connell
2008 001 3952722405155 Annabel_Barton
2007 001 1528292184085 Modesto_Fisher
1985 001 2537984488833 Vallie_Smith
1891 001 3854339987258 Enola_Pfeffer
1895 001 3623695833722 Taryn_Ryan
1965 001 2935843207331 Andre_Kihn
1944 001 1164564021395 Jarrod_Kovacek
2010 001 002610691094335 Ruby_Osinski
1922 001 246304077013 Claudia_Wyman
1895 001 002691641924635 Rossie_Kessler
1994 001 1271285832597 Wilfred_Gorczany
1933 001 166773612708 Camden_O'Hara
1912 001 002047560847749 Isidro_Leuschke
1957 001 049944751361 Maymie_Bradtke
1938 001 0003590795598691 Ora_O'Kon
1970 001 3730490553803 Rex_Jacobson
1943 001 02906593091798 Madisen_Kling
1985 001 02360905139917 Mekhi_Murray
1966 001 2695197323510 Deborah_Jacobson
2002 001 1309266725718 Jacklyn_Gorczany
1914 001 1516365236992 Isaac_Price
1968 001 790947140847 Sharon_Stoltenberg
1943 001 2902048051553 Erin_Gulgowski
1994 001 0003892968528069 Maxie_Purdy
1994 001 2513191627682 Annabell_Schultz
1906 001 242828885393 Esmeralda_Mohr
1905 001 2849213754387 Eliane_Greenholt
1947 001 3597526119132 Camilla_Blanda
1924 001 0002892300934253 Pat_Crooks
1978 001 3044240980995 Josiah_Bednar
1890 001 003940773619672 Jeffrey_Sporer
1975 001 0001755551869686 Maximillia_O'Conner
1990 001 935937287754 Leopold_Heller
1993 001 00612918470700 General_Wilkinson
1983 001 937705412398 Rahsaan_Weber
2015 001 537047709339 Maudie_Schuster
1958 001 2129024426464 Norbert_Stracke
1992 001 2833687521877 Naomi_Baumbach
1935 001 0001598972728 Landen_Christiansen
1970 001 907086089760 Brendan_Schumm
1963 001 418684802966 Maurice_Klein
1901 001 01767728193835 Bert_Runolfsson
1901 001 000796232433631 Gaylord_Schaefer
1958 001 01020816931267 Lonnie_Graham
1980 001 0003193559873894 Damien_Ullrich
1930 001 3719972540549 Elyse_Kutch
1964 001 000557807295279 Edwardo_Murazik
1916 001 3049846873920 Kim_Langosh
1989 001 407761474664 Macy_Sauer
1978 001 1573763724928 Rosetta_Dickens
1987 001 0001399963054363 Hudson_Schultz
1917 001 160600015153 Joshua_Ebert
2010 001 3187880368841 Okey_Zemlak
1911 001 2022656877117 Priscilla_Johns
1970 001 1746115956895 Lizzie_Gleichner
1954 001 777891311874 Dan_Hintz
1929 001 2765273037063 Ayana_Nolan
1963 001 0585054487333 Larue_Botsford
1919 001 02130591956096 Isidro_Upton
1983 001 3052449542832 Jaqueline_Konopelski
1992 001 002828429671865 Lucienne_Huels
2015 001 1814393677644 Rowena_Heaney
2000 001 463731543111 Foster_Eichmann
2016 001 2293502410257 Merle_D'Amore
1946 001 2288220400166 Amya_Yost
1931 001 1744414089818 Noel_Kshlerin
1958 001 00531539179179 Darrick_Harvey
1942 001 2147808695822 Annabell_Kutch
1983 001 000557588360946 Wilhelm_McKenzie
1893 001 0001286194410226 Joshuah_Treutel
1950 001 1267497640297 Kayden_Becker
2016 001 3941526372967 Emely_Ullrich
1959 001 03447073118730 Duncan_Littel
1967 001 748731860790 Shaylee_Bergnaum
1941 001 95814560405 Bruce_Steuber
2003 001 2965168686881 Georgiana_Marquardt
2002 001 740800567051 Darion_Kassulke
1933 001 3713517183485 Abdullah_Kuhic
1967 001 478620351251 Jaylan_Bins
1898 001 0840381353703 Kristoffer_Marquardt
2010 001 2324287409410 Korbin_Brown
1926 001 01760970262347 Fernando_Mayert
1895 001 2487114546438 Joshuah_Gleason
1941 001 217681382065 Lurline_Corkery
1973 001 000146202251040 Sofia_Abernathy
1983 001 47041073039 Jazlyn_Bernier
1990 001 244671544174 Tabitha_Gaylord
2008 001 000631720862071 Jan_Nikolaus
1901 001 1695571382981 Roslyn_Grimes
2004 001 3232235016175 Alvina_Wolf
1952 001 3126844336130 Aric_Douglas
1938 001 00218579714182 Gerald_Beahan
1918 001 002820454299543 Jayson_Cummerata
1974 001 3237995796877 Gisselle_Ankunding
1893 001 26969189321 Cynthia_Lebsack
1977 001 260791993572 Lukas_Beer
1913 001 3623758833508 Tristian_Homenick
1975 001 0002977611991491 Jarod_Ferry
1918 001 1161068118267 Rudy_Waters
1961 001 0003034186315169 Ryann_Durgan
1893 001 0001842115206095 Pat_Orn
1949 001 3538054228989 Amina_Feest
1999 001 40742492358 Benedict_Nitzsche
1913 001 03389648517470 Priscilla_Zemlak
1927 001 1129888341906 Wellington_Heller
1934 001 0002726584914841 Peter_Skiles
1980 001 1675348047619 Brennon_Berge
2008 001 1041042339521 Mekhi_Adams
1894 001 0001370138877781 Demarco_Klein
2010 001 3295263167186 Daphnee_Green
1915 001 1172564905936 Linwood_King
1925 001 3765569770189 Loy_Corkery
1923 001 03570452359329 Esteban_King
1973 001 2406940147318 Adell_Von
1994 001 3059328522275 Camren_Blanda
1964 001 003179278286271 Selmer_Rohan
1977 001 874194356190 Jaycee_Jenkins
1922 001 201588404885 Jameson_Kuhic
1935 001 2607531805311 Quinton_Grady
1896 001 460928750835 Clay_Padberg
1916 001 3031009397136 Tyra_Larkin
1981 001 2255016883845 Alan_Renner
1892 001 3177045723455 Estella_Windler
1921 001 1239870964229 Abel_Keeling
1908 001 786805310659 Hubert_Maggio
2013 001 0976302173616 Tess_Yundt
1984 001 2397456405662 Melody_Tromp
1920 001 50019188884 Kamryn_Bednar
1958 001 778949705968 Deondre_Spencer
1914 001 3961747995726 Bud_Streich
1896 001 1917563912971 Rosendo_Spinka
1921 001 0002375058549743 Kevon_Predovic
1975 001 2475059108358 Arjun_O'Keefe
1946 001 1735325062655 Brennan_Kutch
1956 001 3214875327016 Willie_Hessel
2011 001 2259753313536 Dave_Deckow
1922 001 1497902562729 Kali_Wiza
1943 001 3956910523552 Vince_Runolfsson
1903 001 1276467210174 Heath_Tromp
1989 001 1436157238752 Ova_Rau
2001 001 000464167155621 Dawn_Sporer
2010 001 773833570793 May_Weissnat
1961 001 00396505824411 Shemar_Shields
1955 001 569384662121 Dusty_O'Reilly
1975 001 3681829722219 Lou_Sauer
1967 001 382386545926 Reina_Brekke
1921 001 849353217213 Marisol_Mitchell
1939 001 2386641484255 Sydnee_Crooks
1907 001 710297578701 Kris_Jacobi
2002 001 627052184077 Claudine_Ebert
1918 001 2501387260256 Taylor_Prohaska
1902 001 1539478967317 Craig_Emard
1966 001 02517154465057 Kylee_Brown
1976 001 3841331345403 Quincy_Lind
1915 001 2779697792340 Moshe_Kiehn
1963 001 0002540387904915 Ross_Lebsack
1909 001 00902773361810 Janae_Kerluke
2012 001 675965868180 Ruben_McCullough
1990 001 003894384809383 Nicole_Cummings
1957 001 1556795925547 Bradford_Mitchell
1936 001 01530665342637 Christ_Mosciski
1995 001 0656781686511 Maya_Beatty
1965 001 2766745751853 Felicia_Boehm
1973 001 0002987866723675 Joany_Keeling
1915 001 3616237313363 Mortimer_Bins
2016 001 3725113414909 Delbert_Wyman
1967 001 03076245569247 Dianna_Wilkinson
1963 001 0608130691773 Rudolph_Muller
1933 001 0002348285689799 Kasey_Runte
1950 001 002582852524484 Cara_Rolfson
1963 001 373238533000 Paul_Berge
1914 001 1029383539066 Ocie_Buckridge
1923 001 00379905939857 Jarod_Gerlach
1979 001 3045335640832 Maxie_Yundt
1962 001 1932550486106 Elizabeth_Prohaska
1999 001 2580954498001 Evalyn_Steuber
1892 001 000793267118259 Amos_Douglas
2015 001 2993431412414 Chester_Towne
1969 001 2746826583116 Kirsten_Schuppe
1899 001 2909489015814 Maybelle_Gorczany
1901 001 0001560468164515 Colin_Roob
1950 001 000997837338299 Yazmin_Turner
1896 001 01481629564140 Issac_Carter
1931 001 000366600099569 Ally_Kuhn
1926 001 000719261200977 Christina_Christiansen
1965 001 0205186743169 Jamal_Dickinson
2000 001 03171484130353 Tobin_Heller
2012 001 2245467373565 Kaylah_Harber
1928 001 2393627400413 Georgianna_Lueilwitz
1923 001 1386999290648 Lacy_McClure
1952 001 2288475395229 Pearline_Mann
1998 001 1475189816566 Antoinette_Kertzmann
1956 001 2098457989490 Desmond_Eichmann
1892 001 000910580432726 Jacinthe_Rodriguez
1913 001 588080290447 Gonzalo_Douglas
1987 001 611478356965 Hank_Stoltenberg
1943 001 165239383284 Marvin_Graham
2001 001 2784175012374 Mylene_Blick
1940 001 001858064054446 Brown_Schulist
1897 001 00666194270525 Myriam_Connelly
1953 001 1717314950105 Chet_Leffler
1973 001 0758248343111 Dino_Ward
2006 001 0002396162914804 Alex_Spencer
1996 001 0002411609440450 Eloisa_Kirlin
1991 001 03183765654001 Dane_Wiza
2015 001 3207342996366 Travon_Tillman
2014 001 74535028611 Everette_Daniel
2003 001 0001719696089533 Charlene_Nicolas
1938 001 1252936868877 Adrianna_Kreiger
1919 001 1243018679736 Victor_Casper
2002 001 0832328529757 Mattie_Rowe
1917 001 0003827930916016 Hector_Lockman
1944 001 0003743343359740 Vernon_Schulist
2012 001 2169575651509 Tito_Hills
1898 001 2498398700457 Edgardo_Mante
1926 001 2492256638556 Vivien_Champlin
1925 001 2518964068981 Rebecca_Schuster
1976 001 3820064732139 Sierra_Mohr
2007 001 11622869320 Ryan_Walsh
1940 001 739103876260 Hiram_Doyle
1989 001 3162482912644 Georgette_Kirlin
1985 001 1663948177049 Marlin_Kutch
2004 001 3230724403471 Kasandra_Bartell
2003 001 1948493997853 Tessie_Aufderhar
1905 001 267498362312 Hoyt_Nicolas
1997 001 3406522796695 Omer_Mills
1941 001 646127474047 Nadia_Schoen
1938 001 00696156771155 Jaylon_Okuneva
1975 001 1118609696463 Jacinthe_Eichmann
1956 001 02071011689942 Deborah_Maggio
1896 001 1942606405638 Kelley_Crist
2001 001 00711255690464 Skye_Schumm
2000 001 3578385352128 Bella_Lueilwitz
1913 001 734596814632 Henriette_Schinner
1916 001 0003845979892511 Abdul_Lind
1893 001 2934481019007 Jovani_Eichmann
1920 001 1519589812698 Mikel_Erdman
2012 001 001363801976372 Thaddeus_Stiedemann
1913 001 0853439609816 Lane_Mosciski
2017 001 965322577727 Ben_Ritchie
1931 001 00721772442552 Dahlia_Bashirian
1929 001 3324936931524 Francisca_Sawayn
1911 001 03313624938140 Madison_Balistreri
1955 001 484892375959 Juana_Kiehn
1976 001 3024597153016 Wilma_Fadel
2009 001 003818829610358 Carrie_Willms
1931 001 3176290659640 Conor_Huel
1943 001 2475411789437 Theodore_Mueller
1954 001 3846595821181 Imogene_Kilback
1970 001 444193556064 Ronny_Smitham
1928 001 1102637655400 Donnell_Schowalter
1995 001 1830118099996 Kirsten_Connelly
1976 001 003560246334071 Anna_Waelchi
1996 001 163389175002 Joseph_Lowe
1996 001 2489704207953 Kobe_Conn
1991 001 2541561744558 Koby_Grady
1900 001 923623199464 Rylee_Jones
1898 001 3537957942155 Sam_Boehm
1920 001 02747457271107 Mitchel_Hintz
1893 001 2211500925874 Ruben_Marquardt
1910 001 3422917789469 Aimee_Koss
1924 001 001135019862897 Hazel_Beatty
1901 001 731589740672 Greyson_Frami
1934 001 1780690646752 Gardner_Kirlin
1927 001 2663731203964 Bernita_Bradtke
2011 001 3149492842665 Chaz_Lehner
1995 001 00168843072039 Asa_Glover
1958 001 03132761539565 Stephen_White
1930 001 002345549945233 Mabel_Abshire
1999 001 1540633498519 Zora_Gusikowski
1930 001 2524582566216 Reva_Mayer
1909 001 000977800066962 Fredy_Wisoky
1909 001 0003634263304094 Peter_Kuhic
1933 001 1042709866714 Ursula_Leuschke
1997 001 000121641006128 Germaine_Christiansen
1931 001 3720952364826 Griffin_Gutkowski
1990 001 2313831886729 Leo_Hoeger
1969 001 001881678320385 Karelle_Wyman
2011 001 000151956489991 Aryanna_Conroy
1936 001 0003454947377145 Magali_Von
1968 001 01080502420536 Rollin_Spinka
1901 001 01686684627212 Roger_Olson
1903 001 0002074120918117 Rossie_Lebsack
1989 001 00892191249868 Mallie_Schaefer
1925 001 1178530122417 Nannie_Cormier
1899 001 0001460323571003 Jolie_Jacobs
1978 001 2040327930528 Brant_Cassin
1991 001 00661213291963 Hester_Mayert
1964 001 0001598697635512 Mustafa_Emmerich
2012 001 0002459064121307 Declan_Wehner
1962 001 1176570347164 Cortez_Ernser
1895 001 3595366295621 Vernie_Blanda
1970 001 0003782529680686 Melvin_Miller
1900 001 001794339133722 Bonnie_Muller
1902 001 0001979572064307 Sherwood_Corwin
1989 001 2778474870295 Nellie_Osinski
1993 001 859817619271 Elbert_Moen
2015 001 2276693384707 Marilie_Davis
1899 001 351065312220 Sabrina_Pollich
1981 001 953731321884 Sandra_Hammes
1916 001 1087864796962 Lisa_Stark
1923 001 0002550479935615 Maxime_Goldner
2008 001 2400306686237 Hortense_Altenwerth
1991 001 03721169300421 Joany_Schulist
1957 001 2860944574894 Pink_Klein
1896 001 2897333510793 Emery_Hoeger
1932 001 00873974977119 Kirstin_Swift
1900 001 01029345042356 Bettie_Nitzsche
1941 001 3516331991139 Elton_Stiedemann
1992 001 30429873006 Nicolette_Franecki
1935 001 03861610963995 Skyla_Stanton
2011 001 2633211714356 Burdette_Mayert
1979 001 854914974297 Omer_Sanford
2016 001 0003061895918339 Scarlett_Russel
1988 001 2331263545026 Velma_Schinner
1895 001 1254772466143 Catherine_Beatty
2006 001 872330775743 Jeff_Leuschke
1955 001 930057702750 Daryl_Mohr
1969 001 3929597066022 Fred_Ziemann
1964 001 02163565681068 Jordy_Wiegand
1924 001 1005731771881 Samanta_Lynch
1899 001 111445580837 Evert_Jaskolski
1933 001 1480776803045 Nick_Graham
1913 001 1732364017648 Bernita_Auer
1890 001 0017184188183 Eunice_Bosco
1945 001 01456677910479 Mollie_Mosciski
1999 001 757809630928 Narciso_Johns
2012 001 003891832311193 Deshawn_Jenkins
1957 001 3585321906376 Cordell_Lowe
1925 001 945151785260 Amparo_Franecki
1923 001 2316602311867 Priscilla_Skiles
1979 001 46888334378 Alverta_Heller
1997 001 1184147510151 Eudora_Kris
1983 001 3556773471267 Sammy_Jast
1969 001 2891362401831 Cleta_Harvey
1973 001 02481530096339 Marlee_Feeney
1960 001 00661614658874 Lelah_Dooley
2004 001 0003912263190640 Valerie_Jast
2012 001 1453137889894 Roxane_Gorczany
1940 001 3307168085863 Joanny_Prohaska
2008 001 2215040030362 Claud_Murazik
1990 001 01701449625911 Giovanny_Greenfelder
2001 001 2801184818964 Lexie_Kshlerin
1969 001 3597904383511 Hertha_Konopelski
2010 001 2495887074039 Ian_Goodwin
1991 001 3885999327763 Bernardo_Rice
1938 001 452229069908 Novella_Pagac
2007 001 3981913387294 Mireille_Jenkins
1900 001 01992059050236 Henry_Lowe
2010 001 0003690076705830 Marge_Prosacco
1922 001 1954770972282 Pearlie_Satterfield
1910 001 2696145621551 Arnulfo_O'Reilly
1894 001 2923628415471 Phyllis_Stanton
2004 001 2053225941636 Vilma_Volkman
1984 001 1194881291192 Marlene_Rowe
1903 001 02384940248503 Retta_Osinski
1902 001 960251899259 Howard_Robel
1958 001 03225590718465 Martine_Bednar
2007 001 00787345221383 Myrtie_Kuhlman
1962 001 614798003070 Nickolas_Keebler
1959 001 0003058419629548 Cali_Moen
1907 001 531481174438 Suzanne_Carter
1927 001 3767345457926 Ciara_Kozey
1949 001 2713770980361 Gennaro_Senger
1905 001 1022538267598 Josh_Abernathy
1983 001 0003379428565467 Mathias_Haag
2011 001 2057744776598 Izabella_Hauck
2005 001 002984256290321 Cole_Funk
1924 001 01959131661247 Mittie_Howe
1960 001 3257455749752 Fausto_Fay
1949 001 285516094822 Nayeli_Ritchie
2004 001 000265149383531 Nellie_Parker
1951 001 3495127060949 Amiya_Bahringer
1933 001 00100434689395 Ellen_Klocko
1999 001 488358538213 Alexanne_Nikolaus
1965 001 3591207389340 Jayne_Thompson
1900 001 3808569349349 Cordie_Kulas
1971 001 2483334969294 Daphne_Hickle
1995 001 313669941094 Jaunita_Ritchie
1922 001 03453901897982 Kellen_Moen
1936 001 1826916862480 Archibald_Haley
1922 001 1193289958348 Maryse_Gislason
1945 001 000927691778412 Pete_Wehner
1982 001 1761982259205 Jessika_Pouros
1991 001 1119964245338 Sasha_Will
1934 001 1686979606676 Heath_Gulgowski
2006 001 1569572748912 Euna_Fisher
1902 001 2985402942041 Jamir_Heidenreich
2006 001 3996773926458 Jermey_Kohler
1979 001 0215211008 Buck_Lemke
2004 001 03866108064111 Octavia_Okuneva
2007 001 1479237152553 Quentin_Denesik
1895 001 2562506149063 Chelsea_Cronin
1993 001 27542711997 Jackie_Kris
1902 001 1058064670265 Kelly_Shanahan
1973 001 2122519615158 Xzavier_Legros
2014 001 2271488322097 Monte_Gibson
1911 001 3012115889607 Gretchen_Effertz
1943 001 3654075544555 Noemy_McDermott
1904 001 3253120284809 Jarred_Little
1972 001 1177268348690 Mariah_Ernser
1955 001 3994078391632 Declan_Harris
1898 001 2637069058202 Rickey_Schuppe
1943 001 0534473698830 Lulu_Welch
1914 001 410565263540 Luther_Langworth
1920 001 3875154136346 Andre_Hyatt
1935 001 0912996439414 Althea_Abbott
1998 001 2833814059487 Marc_McGlynn
1962 001 3031436837825 Miller_Kuhn
1894 001 002890200602872 Mina_Hane
2013 001 00776738946609 Royal_Bosco
1919 001 002482402497606 Rosemary_Jast
1931 001 0001774002480213 Christopher_Spencer
1961 001 0002145700231941 Lue_Robel
1935 001 1962635636924 Alvera_Green
1988 001 3217792024252 Johnpaul_Douglas
1974 001 794454124245 Aiden_Greenfelder
1953 001 0002957505309746 Elna_Cronin
1900 001 1811251333130 Lindsay_Stanton
1997 001 1177893403053 Asha_Tillman
1931 001 0992832999108 Marc_Mraz
1902 001 2327680255499 Kristy_Kuvalis
1950 001 03550484780290 Einar_Roberts
1995 001 0001777614818334 Pearl_Gutmann
1904 001 204587091300 Astrid_Spencer
2011 001 1615756822392 Neva_O'Connell
1967 001 1900743637952 Darren_Aufderhar
1971 001 1598445057173 Louie_Cartwright
1983 001 3907558623350 Hershel_Kautzer
1976 001 2754328262626 Carson_Upton
1935 001 2904495162791 Bianka_Miller
1895 001 0002732179623745 Eloise_Shanahan
2003 001 2513701153186 Melyna_Metz
1907 001 03118040679560 Aron_Howe
1943 001 3653549419642 Josiane_Mann
1894 001 3579369850877 Van_Orn
2005 001 2749346229501 Meta_Gislason
1950 001 003800556926495 Angela_Hane
1943 001 1235021296557 Darryl_Jerde
1894 001 740895500229 Terrill_Douglas
1980 001 1059048606520 Kristoffer_Gleason
1918 001 0759212659602 Bria_Metz
2000 001 3656853319774 Shania_Hane
2003 001 2134731895196 Clinton_Fritsch
1920 001 1136959649497 Zelda_Leannon
2011 001 002694194855735 Amaya_Bogan
2003 001 3088177160441 Princess_Okuneva
1901 001 855026904210 Katlyn_Doyle
2016 001 0001946542303417 Garland_Dickens
1972 001 1103164057401 Georgianna_Heidenreich
1982 001 1490776047610 Caleb_Flatley
1999 001 000473947475589 Garrison_Stehr
1958 001 763520782919 Damaris_Grimes
1905 001 03007580009624 Sylvester_Hettinger
1991 001 005917998886 Elsa_Greenfelder
1972 001 3291151463053 Maryjane_Weissnat
1927 001 2530343154148 Sallie_Lind
1915 001 0003280875265538 Rosalyn_Mayert
2007 001 2706607409270 Margarett_Gulgowski
1938 001 0892790878484 Bailee_Smith
1978 001 2088511541947 Gertrude_Mann
2012 001 1011548330931 Kieran_Reilly
1931 001 3968637558915 Christopher_Mayert
2012 001 2245977695135 Cyril_Rohan
1981 001 2597191518678 Tad_Schulist
1977 001 00837021789448 Cordia_Dicki
1922 001 3452406206461 Angelo_Keeling
1997 001 00641840783124 Daphne_Buckridge
1961 001 0003453977640393 Trinity_Kirlin
1908 001 3240758159099 Eula_Bode
1944 001 1147671003256 Eldridge_Muller
1914 001 2341832195524 Milan_Herman
2011 001 2486308947509 Arianna_Kiehn
1951 001 0414786061687 Breana_Heidenreich
2011 001 1919994932771 Hassan_Konopelski
1950 001 3558164311585 Ernie_Feest
2009 001 913610016886 Jensen_Smitham
2014 001 0003789877967520 Jacklyn_Okuneva
1903 001 419193394743 Giovanna_McLaughlin
2013 001 002464747637663 Claudine_Huels
1979 001 3749207849622 Pierre_Jakubowski
1959 001 2207461405501 Axel_Torphy
1965 001 1679345516251 Marvin_Funk
1891 001 2668301991556 Norwood_Medhurst
1957 001 00452009657960 Hilbert_Daugherty
1964 001 01261930145827 Luz_Gerlach
1975 001 208646480991 Arvel_Waelchi
1964 001 2876434213485 Waylon_Strosin
1983 001 1401651443776 Selmer_Rutherford
2011 001 01836803249030 Kaci_Purdy
1926 001 365859407696 Virginie_Harvey
1944 001 3269698223013 Myrl_Funk
1981 001 1596037876230 Juliana_Lindgren
1929 001 3779633070255 Wallace_Roob
1920 001 2630096987241 Leonor_Jacobi
1947 001 2590738304614 Ellis_Casper
1994 001 3760693422485 Rickey_Kunze
1990 001 0003254556680241 Megane_Rogahn
2003 001 149936410940 Dakota_McDermott
1937 001 003981742950902 Aida_Barrows
1948 001 1607203792271 Gordon_Breitenberg
1979 001 3537355512272 Omari_Huel
1917 001 03482222282626 Bianka_Borer
1909 001 1876343545664 Rodger_Lowe
2005 001 1598084400373 Xander_Koepp
1944 001 0807906548302 Juwan_Bechtelar
1915 001 41422834942 Mario_Langosh
1920 001 382512545685 Sam_Toy
2003 001 002881898142797 Filomena_Mohr
1978 001 985956488994 Rico_Upton
1925 001 1773344340550 Noemie_Lind
1928 001 2625102667509 Dorcas_Frami
1905 001 2235984998726 Cierra_Heller
1997 001 565031685723 Christelle_Rath
1897 001 2927074191749 Nathen_Swaniawski
1902 001 00499324973630 Dion_Fritsch
1918 001 803734135440 Hadley_Gorczany
1950 001 3621434533241 Meghan_Wiza
1999 001 01584272327850 Alejandrin_Wisoky
1962 001 0003039140044920 Cletus_Schumm
1980 001 01839962560405 Ivory_Crona
2009 001 03533255056754 Rosalinda_Bailey
1960 001 3067255883210 Junius_Roob
1955 001 3205354734744 Lola_Bogan
1929 001 657649081948 Osborne_Russel
1977 001 000145863859902 Philip_Parker
1941 001 1301502906056 Sadye_Funk
1928 001 3054555279570 Merlin_O'Hara
1902 001 03595849628270 Katherine_Farrell
1950 001 1199427375704 Ashley_Hermiston
2016 001 502852338720 Baron_Armstrong
1972 001 2238569893731 Travis_Spinka
1985 001 3211383975882 Horace_Leuschke
1917 001 598341932854 Ruben_Towne
1991 001 3374739148155 Eula_Mosciski
2011 001 2267771982821 Joshuah_Wiegand
1969 001 2613231794860 Adam_Yundt
1976 001 1292015430591 Frances_Balistreri
1954 001 1252784867071 Deangelo_Russel
1949 001 001746189914114 Edwin_Schaden
1925 001 2664553447867 Vernie_Johnson
1954 001 0002479225284355 Melissa_Bailey
2016 001 3982185092978 Hermann_Thompson
1896 001 1722100552952 Valentin_Hammes
2002 001 2173866357993 Henry_Rodriguez
1892 001 01158781851094 Edd_Schoen
1890 001 1284908866304 Jaylon_Trantow
1998 001 00082052469317 Emory_Kuhic
1975 001 1956741670720 Abraham_Bauch
1916 001 02792898432983 Estevan_Schimmel
1976 001 1615109586390 Dandre_Schaden
1921 001 001194566783051 Estrella_Halvorson
1905 001 619465302842 Therese_Koelpin
1930 001 2470954306252 Connor_West
1960 001 01381827742385 Lucious_Jones
2000 001 02055151673824 Aliza_Bruen
1894 001 3030548924582 Weldon_Bednar
2004 001 877854641166 Yazmin_Connelly
1986 001 3466053063502 Rubie_Hammes
2011 001 03097480698395 Dusty_Schamberger
1979 001 1335840135111 Jordy_Ankunding
1915 001 2093848590915 Fiona_Douglas
1917 001 384342621311 Orlo_Willms
1901 001 003282098177546 Charity_Pacocha
2001 001 002540232950625 Elvie_Abernathy
1926 001 000875106713639 Gabriella_Zemlak
1960 001 2503708605037 Gillian_Bogan
1930 001 2095923453796 Baron_Price
1973 001 0002204021195616 Eleazar_Dietrich
1896 001 2451907777509 Marjory_Corwin
2011 001 3638473055777 Yazmin_Casper
1929 001 3109264579743 Bart_Halvorson
1895 001 630655122939 Herta_Douglas
1922 001 2973916788391 Ned_Douglas
1971 001 3262154749361 Miles_Koch
1942 001 0736811275938 Martina_Greenfelder
1926 001 002909333269300 Stefanie_Nicolas
1983 001 3519101053359 Kobe_Oberbrunner
1907 001 2331757372756 Dangelo_Kovacek
1907 001 3421266159386 Aric_Kreiger
1940 001 1742506810487 Guiseppe_Homenick
1951 001 2690072235744 Dayana_Towne
1979 001 3946153026116 Axel_Cummerata
1932 001 001031478739133 Issac_Johnston
1955 001 2742921365568 Roman_Gutmann
1902 001 3978507373311 Irma_Hoppe
1962 001 00652872571777 Sigurd_Bauch
1946 001 1545385576553 Bernardo_Cummings
2004 001 1805312052729 Kayley_Pfeffer
1971 001 0831596857120 Maxine_Quigley
1982 001 0874098986109 Glennie_Olson
1966 001 001003676848078 Yvette_Ferry
1955 001 000566620982934 Simone_Bechtelar
1896 001 000138168427510 Mario_Ortiz
1927 001 3656259213750 Euna_Gleason
1893 001 2814339457302 Ariane_Labadie
1913 001 1172005929281 Donnie_Mayert
1991 001 03288802603424 Guido_Ferry
1988 001 3517167879233 Fred_Steuber
1958 001 0522425459259 Mike_Hauck
1903 001 003765044743282 Morgan_MacGyver
1893 001 3677321962209 Noelia_Murray
1899 001 01113523208929 Emelia_Kerluke
1961 001 3469687147161 Billie_Bartoletti
1946 001 2250072692811 Melvina_Torp
1957 001 0834344905368 Nella_Hayes
1916 001 0446983887542 Erin_Jones
1945 001 1169742309907 Alden_Kuvalis
1996 001 3961398150902 Keara_Shanahan
2004 001 00367140105096 Vivian_Schinner
1918 001 0001507776516090 Cathrine_Sporer
2009 001 0003375070884374 Destany_Purdy
1930 001 277174538823 Beaulah_Gulgowski
1981 001 2973056165285 Hoyt_Bailey
1957 001 424096548692 Dixie_Metz
1978 001 2546102578408 Rex_Altenwerth
1897 001 1534788421846 Vidal_Yundt
2009 001 243515620329 Telly_Jerde
1895 001 2775170158263 Juana_Koch
1962 001 2372742977940 Jarret_Harris
2007 001 002838866031152 Cassidy_Quigley
1896 001 001046749714135 Gene_O'Reilly
1909 001 3695312622163 Neha_Kirlin
1969 001 352847691467 Stephan_Hammes
2015 001 3504524449733 Eino_Williamson
1932 001 2608817662716 Pinkie_Kihn
2015 001 0708293081186 Eliezer_Lakin
1900 001 3003115705364 London_Emard
2013 001 003987292901249 Ernesto_Thiel
1917 001 002563106289169 Mona_Schmidt
1899 001 2269986074294 Elsa_McCullough
2008 001 2520734524453 Adolf_Windler
1980 001 0001729394311016 Lawson_Ankunding
1940 001 0001322678326304 Manley_Wiza
1928 001 2142023465512 Zella_Cole
1964 001 1878590945195 Kory_Hamill
1918 001 1572512796957 Germaine_Kihn
1935 001 002269674936478 Jalyn_Muller
1897 001 444533745992 Charles_Parker
1935 001 00023302948314 Kane_Bernhard
1966 001 01224668048336 Kyler_Brekke
1977 001 2726573420320 Emma_Bernier
1999 001 503476015239 Roberto_Medhurst
1904 001 00449509226954 Waldo_Bernhard
1890 001 000562410707902 Cecile_Hauck
1977 001 0003266067706700 Nedra_Welch
2012 001 0003758385488878 Madilyn_Schiller
1941 001 3163876443672 Sebastian_Donnelly
2004 001 1234923509617 Sebastian_Schiller
1907 001 2862839980689 Katheryn_Boyle
1903 001 3892966188115 Gayle_Will
2011 001 3461926979725 Corbin_Smith
1923 001 003669883638976 Rosemary_Bartoletti
1994 001 1226544006123 Deven_Yost
1950 001 3920121162674 Reed_Kautzer
1979 001 2294389825356 Luna_Stroman
1967 001 002980976034595 Adelle_Kuhn
2012 001 3080011439459 Dashawn_Streich
1976 001 0003486042088051 Tiara_Tillman
1918 001 3342356580773 Delia_Hartmann
1957 001 3328133731946 Ettie_Greenfelder
1958 001 0001319263955561 Vita_Koss
1906 001 02469209963270 Amara_Kerluke
1893 001 3678345511744 Cortney_Hodkiewicz
1968 001 0142001790643 Kaitlin_Ferry
1939 001 2787615791611 Zelma_Bins
2004 001 03528893568812 Guiseppe_Huels
2010 001 1476561138143 Hermina_Ritchie
1969 001 2165756227895 Kiarra_Stanton
1922 001 856209113981 Efren_Corkery
1975 001 0001861547115739 Pierce_Gleason
1977 001 0712084462237 Antoinette_Bashirian
1917 001 339457872063 Maxwell_Gorczany
2006 001 0002250655352376 Jade_Cassin
2011 001 3970672514221 Henry_Roob
1966 001 002605804621288 Brandyn_Spinka
1893 001 1951516710600 Ellsworth_Hyatt
1961 001 02414481934815 Rubye_Schmitt
1958 001 1200117046304 Rachel_Predovic
1919 001 1884937918211 Darrick_Abbott
1895 001 1594524400065 Ida_Kling
1907 001 395569903663 Eleonore_Stehr
1938 001 1322250168112 Michale_Pfeffer
1920 001 290681545784 Asa_Hoeger
1961 001 0001660731966096 Abbie_Russel
1977 001 3537387111950 Damaris_Emard
1928 001 0631541271305 Zackery_Hayes
2015 001 01692416388088 Cary_Ward
1922 001 3586960923928 Jettie_Pfannerstill
1891 001 2490741799120 Ola_Morissette
1953 001 2091830020729 Zakary_Ratke
1905 001 2454794655371 Jedidiah_Leffler
1910 001 181764137036 Susana_Bradtke
1922 001 2625654900603 Lila_Lind
1966 001 03617172970208 Vita_Kling
1985 001 000147175959963 Kiara_Orn
1943 001 2831958341290 Reymundo_Ward
1929 001 0003374136983302 Niko_Shields
1946 001 1899749212662 Shayne_O'Reilly
1955 001 002354633480387 Camila_Bosco
1989 001 0003209047169284 Cydney_Dietrich
1946 001 2358897290028 Jakob_Friesen
2005 001 604042043907 Carlie_Casper
1991 001 00117832885955 Sandrine_Parker
1990 001 01459671730783 Otto_Heller
1941 001 1962951178548 Jocelyn_Stiedemann
1904 001 1294998874979 Imani_Friesen
1917 001 2543532549620 Aurelia_Beahan
2015 001 3923225874478 Evans_Buckridge
1934 001 00230242167478 Doris_Becker
1925 001 2925677063327 Otis_Tromp
2011 001 1888685030937 Opal_Hauck
1896 001 646952886329 Elise_Hayes
1917 001 42593975115 Sid_Stanton
2011 001 2373095214233 Gia_Kertzmann
1967 001 0890757487624 Clifford_Mueller
1904 001 3286536632244 Maudie_Mohr
1989 001 00355375214659 Marlee_Jacobs
1970 001 3525071598658 Willie_Schuppe
1938 001 3444895383923 Horacio_Morar
1950 001 002461717035617 Mariam_Predovic
1994 001 845509582101 Kendall_Ernser
1966 001 2393222153432 Margarett_Koch
1957 001 3889553410579 Marcus_Kautzer
2009 001 1134481469306 Hudson_Dare
2006 001 01565735239243 Emory_Armstrong
2004 001 670969430920 Nat_O'Keefe
1941 001 3018813661148 Nathan_Effertz
1972 001 0546228053943 Vallie_Dare
1917 001 000723134594290 Emilio_Kshlerin
1984 001 2031383285711 Catherine_Bayer
1918 001 1235095806613 Savanna_Collier
1955 001 001866727160337 Elda_Bahringer
2005 001 2013818608345 Kassandra_Bradtke
2002 001 3069984512419 Schuyler_White
1979 001 2964299216626 Jermey_Hudson
1908 001 0001312700250235 Noemi_Macejkovic
1998 001 003582658727449 Kurtis_Bartell
1893 001 01138298483946 Emilio_Rowe
1914 001 1363385447279 Maxie_Turner
1970 001 1730031513201 Toney_Lakin
1965 001 095814022377 Keagan_Schaefer
1925 001 00159408623435 Ozella_Miller
1951 001 003175885197619 Sigrid_Bosco
1937 001 002134156443205 Lorine_Bosco
1903 001 3984060441928 Alexander_Zemlak
1974 001 1853270867066 Eduardo_Langworth
1953 001 0002696464096866 Ramiro_Cassin
1935 001 3416123435027 Leo_Swift
1935 001 1593995496103 Alford_Littel
2014 001 21453055145 Sibyl_Runolfsson
1928 001 003186082961878 Marlen_Ziemann
1990 001 3798915088813 Chaya_Zemlak
1998 001 1073849388218 Celestino_Kertzmann
1919 001 02142773857501 Coralie_Maggio
1923 001 872055105581 Aubrey_Weimann
1986 001 1397274840871 Carolyne_Quitzon
1927 001 3724936113709 Efren_Prohaska
1989 001 2243144048054 Lawson_King
1981 001 1028745370782 Darion_Schmitt
1953 001 003300532592227 Tremayne_Schowalter
1948 001 3233257598312 Carolyne_Von
1957 001 3453290375602 Romaine_Durgan
1934 001 2753097214425 Lacy_Runolfsdottir
1904 001 000845329085239 Retha_Kub
1891 001 546077226872 Willa_Koch
1959 001 00737931852485 Vada_Keebler
1897 001 2891524777192 Dustin_Spencer
1949 001 00666264478369 Alexys_Spinka
2003 001 1183875774242 Claudia_Mraz
1958 001 588170482541 Alvis_MacGyver
1984 001 0245987843242 Anne_West
1965 001 0003250153168016 Ayla_Hirthe
1989 001 3961330327658 Carleton_Hilll
1904 001 3493299202388 Columbus_Batz
1917 001 000691671970015 Grady_Moen
1966 001 1621493171037 Payton_Dibbert
1899 001 431866746755 Chandler_Bergstrom
1902 001 000398064186689 Anastacio_Bruen
1987 001 0508593358933 Carlie_Schroeder
2002 001 1484727452440 Adrien_Lakin
1894 001 284129009228 Mylene_Stracke
1944 001 2658125268048 Lavada_Lindgren
1956 001 976348307552 Trevor_Roob
1897 001 3658583801196 Connie_Roberts
1989 001 03835550314825 Connie_Block
1953 001 2707744266942 Jimmie_Mayer
1998 001 2874374026812 Lafayette_Weber
2000 001 2289091440926 Yvette_Bogan
1999 001 3952111828308 Yvonne_Stanton
1934 001 653187524399 Vanessa_O'Hara
1909 001 3552889018737 Laura_Murazik
1978 001 840436268894 Brenden_Schamberger
1931 001 3081110774004 Bernard_Mohr
1915 001 2348106385041 Sedrick_Spencer
1900 001 3022501497628 Raoul_Goldner
1972 001 0226036716196 Elijah_Waters
1946 001 2798080701147 Salvatore_Maggio
1898 001 2553332266678 Ebba_Murray
1907 001 003472015518779 Scotty_Zemlak
1923 001 802049896399 Braxton_Russel
1990 001 03918608420228 Lyla_Hegmann
1969 001 1437072223220 Cathryn_Collins
1903 001 0321294347377 Marisa_Emard
1950 001 000298477325438 Lelia_Harris
1938 001 3702465295840 Laron_Gutkowski
1922 001 002373522563188 Karlee_Larkin
1904 001 002908771244037 Mark_Hegmann
1973 001 360545933634 Chase_Doyle
1953 001 002083015951905 Lempi_Weissnat
1920 001 1417002772498 Amari_Skiles
1894 001 3037151777904 Edward_Mertz
1916 001 729322110206 Jason_Hirthe
2016 001 799770637376 Tyson_Ebert
2008 001 01022388764929 Jettie_Trantow
1909 001 188186845718 Alden_Wolff
1918 001 1847846768412 Christa_Ruecker
1976 001 003448077895908 Demond_Kihn
1985 001 2610407755908 Dayne_Reynolds
2012 001 1812030416502 Justyn_Zulauf
1986 001 3046773461405 Flossie_Hessel
1951 001 2588592757949 Dayne_Gulgowski
1940 001 01212019865631 Lorenzo_Walter
1925 001 01885400680927 Lorna_Schaefer
1929 001 991017133845 Hulda_Jast
1957 001 1321432227975 Lelia_Greenholt
1890 001 3076395761533 Cristian_Fahey
1913 001 237564501256 Merle_McKenzie
2009 001 03860559368777 Walter_Emmerich
1946 001 002333609381178 Kylie_Dietrich
1919 001 948074674091 Addison_Gislason
1899 001 0002488174162476 Evie_McKenzie
1957 001 0061295734687 Alberto_Carroll
1982 001 2526950369633 Maybell_Bernier
2015 001 2962697080361 Jayde_Ferry
1958 001 1886159991948 Allan_Huel
1899 001 02238422697141 Jeremy_Veum
1953 001 000585432646952 Lauren_Gulgowski
1951 001 000372102961255 Roxanne_Dibbert
1962 001 3680666962082 Colby_Huel
1966 001 2806134799172 Harold_Hayes
1964 001 001724376608365 Desiree_Klocko
1910 001 1674213083023 Loy_Huels
1978 001 3484516105567 Lucinda_Deckow
1993 001 01439522848769 Mertie_Zemlak
2012 001 2844160718039 Tremayne_Johnston
1904 001 1076773805873 Aurore_Mann
1975 001 2466035561063 Karianne_Donnelly
1910 001 092661301288 Greg_Howell
1921 001 00473263743904 Bell_Powlowski
1931 001 000825224460428 Mike_Treutel
1947 001 727353164407 Laverne_Towne
1975 001 2228233028656 Jared_Gutmann
2005 001 1002317600030 Claudie_Murray
1902 001 957986240333 Ole_Kiehn
1968 001 2232512933158 Florine_Kemmer
1967 001 00437075706072 Cindy_Boyle
1898 001 3903529137405 Adella_Little
2013 001 03745196742462 Cora_Zulauf
1899 001 001076368535331 Roselyn_Toy
2011 001 0002588395076045 Lennie_Koepp
1908 001 403644004377 Johanna_Romaguera
1945 001 2031155990598 Sallie_Gleichner
1999 001 2397449153126 Taurean_Lebsack
1975 001 2818764864249 Lessie_O'Connell
1895 001 2106534260166 Maegan_Johnston
1972 001 1338496138996 Norene_Ullrich
1917 001 3062007442883 Ezequiel_Conroy
1919 001 201641466418 Javier_Runolfsson
1976 001 02755402528916 Jayson_Kuhn
1998 001 729059179557 Kiel_Kerluke
2011 001 1592752774425 Micheal_Tremblay
1894 001 2398768709937 Deonte_Kilback
1943 001 02438191453917 Jackie_Olson
1935 001 793852346005 Vickie_Howell
1910 001 3488424900122 Guy_Sauer
1908 001 002643930896256 Charity_Grant
1903 001 03464990669255 Heaven_Considine
1948 001 2592594174036 Benjamin_Franecki
1892 001 0002220461763770 Sandra_Predovic
1911 001 2526424744006 Vernie_Deckow
1999 001 02480132162059 Armando_Torp
1918 001 000356490107668 Hilma_Greenfelder
2002 001 000804888405212 Trevion_Streich
1961 001 3472985720392 Maggie_Green
1934 001 1080005975772 Logan_Strosin
1950 001 2743019433590 Susanna_Crona
1890 001 723957136419 Imani_Windler
1923 001 02606968207991 Ronaldo_Feil
2015 001 001610846730183 Amina_VonRueden
1941 001 001713082802555 Clinton_Predovic
1905 001 00770644978992 Mireille_Gleason
1994 001 423089959173 Jedidiah_Grimes
1923 001 2130250778175 Fabiola_McGlynn
1903 001 00592145540766 Haskell_Boyle
1991 001 1291457905281 Polly_Block
1913 001 01958697372142 Abagail_Jones
1910 001 958978201025 Patricia_Crist
1912 001 2426123366749 Dawson_Stiedemann
1891 001 1773051400214 Erin_Cartwright
1985 001 002242403152122 Keyon_Rempel
1906 001 509180129122 Brennan_Senger
1898 001 01741177267395 Johnpaul_Swaniawski
1982 001 002791669894560 Terrell_Kulas
1984 001 3672529638300 Rosina_Dibbert
1916 001 228953005508 Aron_Fahey
1953 001 0001143288728386 Geovanni_Bailey
1903 001 2847433472459 Nestor_Greenfelder
1989 001 540097094551 Karine_Jacobi
2012 001 1516254704920 Henderson_Daniel
1995 001 03965197736004 Marianne_Collins
1967 001 3758477690428 Alba_Ankunding
2010 001 1430343458303 Favian_Schaefer
1935 001 3430553339032 Emory_Ortiz
2001 001 2162533028672 Alba_Feeney
1963 001 01524793767452 Kara_Mraz
1932 001 0003462279550880 Chesley_Parker
1967 001 2131522562775 Elvis_Breitenberg
1992 001 3335438855976 Aidan_Lynch
1977 001 0285784179092 Damien_Hettinger
1971 001 00514610223822 Jeanie_Murphy
1901 001 3930487902871 Otilia_Aufderhar
1911 001 0003379481944212 Kaci_O'Kon
1992 001 02221753088914 Lou_Swaniawski
1895 001 000675852771569 Delaney_Pagac
1989 001 2714494764445 Walker_Medhurst
1949 001 172412499809 Pearl_Bode
1918 001 1178788990467 Ciara_Schmidt
1962 001 0972015068064 Estevan_Witting
1904 001 1522337507488 Madge_Altenwerth
1954 001 2470743536149 Jordi_Fisher
1900 001 000976050322402 Godfrey_Wehner
1913 001 002182601029366 Casey_Dibbert
1906 001 2121928230593 Ralph_Hackett
2001 001 18489337317 Carmella_Wisozk
1896 001 2712710983797 Aimee_Lockman
2007 001 00320904373403 Gwendolyn_Larkin
1903 001 499023875174 Marc_Greenholt
1942 001 0327973269440 Kenya_Auer
1928 001 1677464525329 Anna_Roob
1977 001 3555301294334 Meredith_O'Connell
1913 001 0001261521410730 Mayra_Herzog
1993 001 2885494640059 Chasity_Gerlach
1935 001 2855493198328 Cesar_Nicolas
2007 001 1705092349230 Adelia_Bradtke
1966 001 3980981017765 Reyes_Prohaska
2011 001 200574148806 Mckenna_Barrows
1941 001 3894884231541 Treva_Toy
1943 001 02855425041680 Brycen_Crona
2003 001 3814711934692 Larry_Gleason
1955 001 3019931381891 Keeley_Jakubowski
1946 001 000531348440376 Carli_Hoeger
1941 001 003586146805338 Van_Moen
1927 001 3896107008385 Niko_Glover
2008 001 3675256860397 Nicholas_Krajcik
1903 001 3112811247818 Izaiah_Walter
1941 001 001361821878280 Lupe_Jacobs
1950 001 0589009576162 Rogelio_Swaniawski
